14
Arne
post@aa.no 40000001 1000000.00 0.00 1 0
Berit
post@bb.no 40000002 2000000.00 0.00 2 0
Cato
post@cc.no 40000003 3000000.00 0.00 3 0
Dagny
post@dd.no 40000004 4000000.00 0.00 4 0
Eirik
post@ee.no 40000005 5000000.00 0.00 5 0
Frede
post@ff.no 40000006 6000000.00 0.00 6 0
Guro
post@gg.no 40000007 7000000.00 0.00 7 0
Hilde
post@hh.no 40000008 8000000.00 100000.00 1 4
Isak
post@ii.no 40000009 9000000.00 200000.00 2 5
Julie
post@jj.no 40000010 10000000.00 300000.00 3 6
Karoline
post@kk.no 40000011 11000000.00 400000.00 4 7
Lukas
post@ll.no 40000012 12000000.00 500000.00 5 8
Marlene
post@mm.no 40000013 13000000.00 600000.00 6 9
Nora
post@nn.no 40000014 14000000.00 700000.00 7 10
