 1      9      12       23
 2      8       9       20
 3      7      13       18
 4      8      10       15
 5      7      13       10
 6      6       9        8
 7      5       8       12
 8      4      10        6
 9      3       9       12
10      4       7        6
11      5       6        3
12      3       9        3
13      2       6        2
14      1       4        3
15      3       5        4
16      2       3        5
17      1       6        2
18      0       2        1
19      0       3        1
20     -1       0        0
21     -2       0        0
22     -1       2        0
23     -3       0        0
24     -4      -1        0
25     -3       0       10
26     -4      -2       12
27     -5      -3        8
28     -6      -1        3
29     -5      -2        0
30     -6      -4        0
31     -7      -3        0

